-1,0,1,2,3,4,5,6,7,8,9,10,11,12,13,14,15,16,17,18,19,20,21,22,23,24,25,26,27,28,29,30,31,32,33,34,35,36,37,38,39,40,41,42,43,44,45,46,47,48,49,50,51,52,53,54,55,56,57,58,59,60,61,62,63,64,65,66,67,68,69,70,71,72,73,74,75,76,77,78,
0,-1,128.75,117.6,135.79,140.37,145.47,129.73,136.84,128.43,172.95,172.12,118.15,170.89,171.71,171.71,132.38,127.78,113.37,115.97,114.91,115.17,120.43,121.9,120.43,143.26,120.72,98.46,98.86,98.73,100.02,163.6,170.89,110.71,114.13,118.71,118.71,98.99,267.59,209.35,223.62,283.48,114.39,107.84,104.75,119.28,159.62,168.04,172.53,124.02,98.79,102.06,113.37,110.71,101.14,98.05,116.23,136.49,144.73,107.02,99.73,98.0,98.01,100.44,110.94,102.49,99.14,102.34,183.38,190.19,187.63,180.01,143.63,172.53,191.05,185.92,143.63,184.23,186.78,185.08,
1,128.75,-1,105.82,125.73,130.66,136.12,119.15,126.86,117.73,165.16,164.3,106.43,163.01,163.87,163.87,122.04,117.03,101.1,104.0,102.82,103.11,108.96,110.58,108.96,133.76,109.28,84.04,84.51,84.36,85.86,155.35,163.01,98.1,101.95,107.06,107.06,84.67,262.63,202.97,217.65,278.8,102.24,94.85,91.33,107.69,151.16,160.01,164.73,112.91,84.43,88.23,101.1,98.1,87.16,83.55,104.3,126.48,135.33,93.92,85.52,83.5,83.51,86.35,98.37,88.73,84.84,88.56,176.06,183.14,180.48,172.55,134.15,164.73,184.03,178.71,134.15,176.94,179.59,177.82,
2,117.6,105.82,-1,114.28,119.69,125.62,107.0,115.52,105.42,156.62,155.72,92.63,154.35,155.26,155.26,110.21,104.64,86.45,89.83,88.46,88.8,95.52,97.37,95.52,123.07,95.89,65.69,66.29,66.1,68.01,146.24,154.35,82.93,87.45,93.35,93.35,66.49,257.34,196.09,211.25,273.83,87.78,79.06,74.79,94.07,141.78,151.19,156.17,100.0,66.19,70.97,86.45,82.93,69.64,65.07,90.17,115.11,124.77,77.94,67.58,65.0,65.02,68.62,83.24,71.59,66.71,71.38,168.08,175.48,172.7,164.4,123.49,156.17,176.41,170.85,123.49,169.0,171.77,169.92,
3,135.79,125.73,114.28,-1,137.61,142.8,126.73,134.0,125.4,170.71,169.88,114.86,168.63,169.46,169.46,129.45,124.74,109.93,112.61,111.52,111.79,117.2,118.71,117.2,140.56,117.5,94.48,94.89,94.76,96.1,161.24,168.63,107.18,110.72,115.43,115.43,95.04,266.15,207.51,221.89,282.12,110.98,104.22,101.02,116.02,157.2,165.74,170.29,120.88,94.83,98.23,109.93,107.18,97.27,94.05,112.88,133.65,142.05,103.37,95.8,94.0,94.01,96.54,107.42,98.67,95.19,98.52,181.28,188.16,185.57,177.87,140.93,170.29,189.03,183.85,140.93,182.13,184.71,182.99,
4,140.37,130.66,119.69,137.61,-1,147.16,131.63,138.64,130.34,174.37,173.56,120.23,172.34,173.15,173.15,134.24,129.71,115.54,118.09,117.05,117.31,122.48,123.92,122.48,144.98,122.76,100.95,101.34,101.21,102.47,165.11,172.34,112.93,116.29,120.79,120.79,101.47,268.52,210.54,224.72,284.35,116.54,110.11,107.09,121.34,161.17,169.51,173.97,126.0,101.27,104.46,115.54,112.93,103.56,100.54,118.35,138.29,146.43,109.31,102.19,100.5,100.51,102.88,113.16,104.88,101.61,104.74,184.73,191.49,188.95,181.39,145.35,173.97,192.34,187.25,145.35,185.57,188.1,186.41,
5,145.47,136.12,125.62,142.8,147.16,-1,137.04,143.79,135.81,178.5,177.7,126.14,176.51,177.31,177.31,139.56,135.2,121.68,124.1,123.11,123.36,128.28,129.66,128.28,149.92,128.56,107.92,108.28,108.17,109.34,169.46,176.51,119.2,122.39,126.67,126.67,108.41,271.21,213.97,227.94,286.9,122.63,116.54,113.69,127.2,165.63,173.75,178.1,131.65,108.22,111.21,121.68,119.2,110.37,107.54,124.35,143.46,151.32,115.78,109.08,107.5,107.51,109.73,119.42,111.61,108.54,111.47,188.63,195.26,192.76,185.36,150.27,178.1,196.09,191.1,150.27,189.45,191.93,190.28,
6,129.73,119.15,107.0,126.73,131.63,137.04,-1,127.85,118.8,165.93,165.07,107.62,163.78,164.64,164.64,123.07,118.11,102.34,105.21,104.04,104.33,110.11,111.72,110.11,134.7,110.43,85.53,85.99,85.84,87.32,156.16,163.78,99.38,103.19,108.23,108.23,86.15,263.11,203.59,218.23,279.25,103.47,96.18,92.7,108.85,151.99,160.8,165.5,114.02,85.91,89.65,102.34,99.38,88.6,85.05,105.5,127.48,136.26,95.26,86.99,85.0,85.01,87.8,99.64,90.14,86.31,89.97,176.78,183.83,181.18,173.28,135.09,165.5,184.72,179.41,135.09,177.65,180.29,178.53,
7,136.84,126.86,115.52,134.0,138.64,143.79,127.85,-1,126.53,171.54,170.71,116.09,169.47,170.3,170.3,130.54,125.87,111.22,113.86,112.78,113.05,118.41,119.9,118.41,141.56,118.7,95.97,96.38,96.25,97.57,162.11,169.47,108.5,111.99,116.66,116.66,96.52,266.69,208.2,222.53,282.62,112.26,105.57,102.42,117.24,158.1,166.59,171.13,122.05,96.31,99.66,111.22,108.5,98.72,95.55,114.13,134.7,143.05,104.73,97.28,95.5,95.51,98.0,108.74,100.1,96.67,99.95,182.06,188.92,186.33,178.67,141.93,171.13,189.78,184.62,141.93,182.91,185.48,183.76,
8,128.43,117.73,105.42,125.4,130.34,135.81,118.8,126.53,-1,164.91,164.05,106.04,162.75,163.62,163.62,121.7,116.67,100.69,103.6,102.42,102.71,108.58,110.21,108.58,133.45,108.9,83.54,84.01,83.86,85.38,155.08,162.75,97.68,101.54,106.67,106.67,84.17,262.47,202.77,217.46,278.65,101.83,94.41,90.87,107.3,150.88,159.75,164.48,112.54,83.94,87.76,100.69,97.68,86.68,83.05,103.9,126.15,135.02,93.48,85.04,83.0,83.01,85.87,97.94,88.26,84.34,88.09,175.82,182.92,180.25,172.31,133.84,164.48,183.81,178.47,133.84,176.71,179.36,177.59,
9,172.95,165.16,156.62,170.71,174.37,178.5,165.93,171.54,164.91,-1,200.82,157.04,199.77,200.47,200.47,168.01,164.41,153.48,155.4,154.62,154.81,158.76,159.88,158.76,176.71,158.99,142.82,143.09,143.0,143.9,193.56,199.77,151.52,154.04,157.47,157.47,143.19,286.89,233.52,246.39,301.77,154.23,149.44,147.23,157.89,190.22,197.33,201.17,161.5,143.05,145.32,153.48,151.52,144.68,142.53,155.6,171.26,177.9,148.85,143.7,142.5,142.51,144.19,151.69,145.62,143.29,145.52,210.55,216.51,214.26,207.62,177.01,201.17,217.26,212.77,177.01,211.29,213.51,212.03,
10,172.12,164.3,155.72,169.88,173.56,177.7,165.07,170.71,164.05,200.82,-1,156.14,199.05,199.76,199.76,167.16,163.54,152.55,154.49,153.7,153.89,157.87,158.99,157.87,175.9,158.09,141.82,142.1,142.01,142.91,192.83,199.05,150.58,153.12,156.56,156.56,142.19,286.4,232.91,245.81,301.29,153.31,148.48,146.26,156.99,189.47,196.61,200.47,160.62,142.05,144.34,152.55,150.58,143.69,141.53,154.69,170.43,177.1,147.89,142.7,141.5,141.51,143.2,150.75,144.65,142.29,144.54,209.87,215.85,213.59,206.94,176.2,200.47,216.61,212.1,176.2,210.61,212.85,211.36,
11,118.15,106.43,92.63,114.86,120.23,126.14,107.62,116.09,106.04,157.04,156.14,-1,154.78,155.68,155.68,110.8,105.26,87.21,90.55,89.2,89.53,96.21,98.04,96.21,123.6,96.57,66.68,67.27,67.08,68.96,146.69,154.78,83.72,88.19,94.05,94.05,67.47,257.6,196.42,211.56,274.07,88.53,79.88,75.66,94.76,142.24,151.62,156.59,100.66,67.17,71.89,87.21,83.72,70.58,66.07,90.9,115.68,125.29,78.77,68.54,66.0,66.02,69.57,84.02,72.5,67.68,72.29,168.47,175.86,173.08,164.79,124.02,156.59,176.78,171.23,124.02,169.39,172.15,170.31,
12,170.89,163.01,154.35,168.63,172.34,176.51,163.78,169.47,162.75,199.77,199.05,154.78,-1,198.7,198.7,165.89,162.25,151.16,153.11,152.32,152.51,156.52,157.66,156.52,174.7,156.75,140.32,140.6,140.51,141.42,191.73,197.99,149.17,151.73,155.21,155.21,140.7,285.66,232.0,244.95,300.59,151.92,147.05,144.81,155.64,188.35,195.53,199.41,159.3,140.56,142.87,151.16,149.17,142.21,140.03,153.32,169.19,175.9,146.45,141.22,140.0,140.01,141.72,149.35,143.18,140.8,143.07,208.87,214.87,212.6,205.92,175.0,199.41,215.63,211.1,175.0,209.61,211.85,210.35,
13,171.71,163.87,155.26,169.46,173.15,177.31,164.64,170.3,163.62,200.47,199.76,155.68,198.7,-1,199.4,166.74,163.11,152.09,154.03,153.24,153.43,157.42,158.55,157.42,175.5,157.64,141.32,141.6,141.51,142.41,192.46,198.7,150.11,152.65,156.11,156.11,141.69,286.15,232.61,245.52,301.06,152.85,148.01,145.77,156.54,189.1,196.25,200.11,160.18,141.55,143.85,152.09,150.11,143.2,141.03,154.23,170.02,176.7,147.41,142.21,141.0,141.01,142.71,150.28,144.16,141.8,144.05,209.54,215.52,213.26,206.6,175.8,200.11,216.28,211.77,175.8,210.28,212.51,211.02,
14,171.71,163.87,155.26,169.46,173.15,177.31,164.64,170.3,163.62,200.47,199.76,155.68,198.7,199.4,-1,166.74,163.11,152.09,154.03,153.24,153.43,157.42,158.55,157.42,175.5,157.64,141.32,141.6,141.51,142.41,192.46,198.7,150.11,152.65,156.11,156.11,141.69,286.15,232.61,245.52,301.06,152.85,148.01,145.77,156.54,189.1,196.25,200.11,160.18,141.55,143.85,152.09,150.11,143.2,141.03,154.23,170.02,176.7,147.41,142.21,141.0,141.01,142.71,150.28,144.16,141.8,144.05,209.54,215.52,213.26,206.6,175.8,200.11,216.28,211.77,175.8,210.28,212.51,211.02,
15,132.38,122.04,110.21,129.45,134.24,139.56,123.07,130.54,121.7,168.01,167.16,110.8,165.89,166.74,166.74,-1,121.02,105.69,108.47,107.34,107.62,113.23,114.79,113.23,137.26,113.54,89.51,89.94,89.81,91.22,158.37,165.89,102.83,106.5,111.4,111.4,90.09,264.43,205.29,219.82,280.49,106.78,99.73,96.38,112.0,154.26,162.95,167.59,117.03,89.87,93.45,105.69,102.83,92.44,89.05,108.75,130.18,138.79,98.84,90.9,89.0,89.01,91.68,103.08,93.92,90.26,93.76,178.73,185.71,183.09,175.28,137.64,167.59,186.59,181.34,137.64,179.6,182.21,180.47,
16,127.78,117.03,104.64,124.74,129.71,135.2,118.11,125.87,116.67,164.41,163.54,105.26,162.25,163.11,163.11,121.02,-1,99.86,102.8,101.61,101.9,107.81,109.45,107.81,132.83,108.14,82.55,83.02,82.87,84.4,154.55,162.25,96.83,100.73,105.89,105.89,83.19,262.15,202.36,217.08,278.35,101.02,93.54,89.96,106.53,150.33,159.24,163.98,111.8,82.95,86.81,99.86,96.83,85.73,82.05,103.1,125.5,134.41,92.59,84.06,82.0,82.01,84.9,97.1,87.32,83.36,87.14,175.35,182.46,179.79,171.83,133.23,163.98,183.36,178.01,133.23,176.24,178.9,177.12,
17,113.37,101.1,86.45,109.93,115.54,121.68,102.34,111.22,100.69,153.48,152.55,87.21,151.16,152.09,152.09,105.69,99.86,-1,84.22,82.76,83.12,90.27,92.22,90.27,119.03,90.66,57.79,58.46,58.25,60.41,142.86,151.16,76.82,81.68,87.97,87.97,58.69,255.44,193.58,208.93,272.04,82.04,72.62,67.96,88.73,138.29,147.92,153.01,95.0,58.35,63.73,80.61,76.82,62.24,57.08,84.59,110.79,120.79,71.4,59.93,57.0,57.02,61.1,77.16,64.41,58.94,64.18,165.15,172.68,169.85,161.4,119.47,153.01,173.62,167.97,119.47,166.09,168.91,167.03,
18,115.97,104.0,89.83,112.61,118.09,124.1,105.21,113.86,103.6,155.4,154.49,90.55,153.11,154.03,154.03,108.47,102.8,84.22,-1,86.28,86.63,93.51,95.4,93.51,121.51,93.88,62.72,63.35,63.15,65.15,144.93,153.11,80.6,85.24,91.29,91.29,63.56,256.6,195.11,210.34,273.13,85.59,76.61,72.2,92.02,140.43,149.92,154.95,98.08,63.25,68.24,84.22,80.6,66.85,62.07,88.04,113.44,123.23,75.45,64.7,62.0,62.02,65.79,80.92,68.88,63.79,68.66,166.94,174.39,171.59,163.23,121.94,154.95,175.33,169.73,121.94,167.87,170.66,168.8,
19,114.91,102.82,88.46,111.52,117.05,123.11,104.04,112.78,102.42,154.62,153.7,89.2,152.32,153.24,153.24,107.34,101.61,82.76,86.28,-1,85.21,92.2,94.11,92.2,120.5,92.58,60.75,61.39,61.19,63.25,144.09,152.32,79.07,83.8,89.94,89.94,61.61,256.13,194.49,209.76,272.68,84.15,75.0,70.49,90.69,139.56,149.1,154.16,96.83,61.29,66.42,82.76,79.07,65.0,60.07,86.64,112.36,122.24,73.82,62.79,60.0,60.02,63.91,79.4,67.08,61.85,66.86,166.21,173.69,170.88,162.48,120.93,154.16,174.63,169.01,120.93,167.14,169.94,168.07,
20,115.17,103.11,88.8,111.79,117.31,123.36,104.33,113.05,102.71,154.81,153.89,89.53,152.51,153.43,153.43,107.62,101.9,83.12,86.63,85.21,-1,92.52,94.43,92.52,120.75,92.9,61.24,61.88,61.68,63.72,144.3,152.51,79.45,84.16,90.27,90.27,62.1,256.24,194.64,209.91,272.79,84.51,75.4,70.92,91.02,139.77,149.31,154.35,97.14,61.78,66.88,83.12,79.45,65.46,60.57,86.99,112.63,122.48,74.22,63.27,60.5,60.52,64.38,79.78,67.53,62.33,67.31,166.39,173.87,171.06,162.67,121.18,154.35,174.8,169.19,121.18,167.32,170.12,168.25,
21,120.43,108.96,95.52,117.2,122.48,128.28,110.11,118.41,108.58,158.76,157.87,96.21,156.52,157.42,157.42,113.23,107.81,90.27,93.51,92.2,92.52,-1,100.78,98.99,125.78,99.35,70.64,71.2,71.02,72.8,148.53,156.52,86.9,91.23,96.9,96.9,71.39,258.65,197.8,212.84,275.06,91.55,83.22,79.18,97.59,144.14,153.4,158.32,103.32,71.11,75.58,90.27,86.9,74.33,70.06,93.84,118.0,127.45,82.15,72.4,70.0,70.02,73.38,87.2,76.16,71.59,75.96,170.07,177.4,174.64,166.44,126.19,158.32,178.31,172.81,126.19,170.99,173.73,171.9,
22,121.9,110.58,97.37,118.71,123.92,129.66,111.72,119.9,110.21,159.88,158.99,98.04,157.66,158.55,158.55,114.79,109.45,92.22,95.4,94.11,94.43,100.78,-1,100.78,127.19,101.13,73.12,73.66,73.49,75.21,149.72,157.66,88.93,93.16,98.72,98.72,73.84,259.34,198.7,213.68,275.7,93.47,85.33,81.4,99.4,145.37,154.56,159.44,105.03,73.57,77.9,92.22,88.93,76.69,72.56,95.72,119.5,128.84,84.29,74.82,72.5,72.52,75.76,89.22,78.46,74.04,78.27,171.12,178.4,175.66,167.5,127.6,159.44,179.31,173.84,127.6,172.02,174.75,172.93,
23,120.43,108.96,95.52,117.2,122.48,128.28,110.11,118.41,108.58,158.76,157.87,96.21,156.52,157.42,157.42,113.23,107.81,90.27,93.51,92.2,92.52,98.99,100.78,-1,125.78,99.35,70.64,71.2,71.02,72.8,148.53,156.52,86.9,91.23,96.9,96.9,71.39,258.65,197.8,212.84,275.06,91.55,83.22,79.18,97.59,144.14,153.4,158.32,103.32,71.11,75.58,90.27,86.9,74.33,70.06,93.84,118.0,127.45,82.15,72.4,70.0,70.02,73.38,87.2,76.16,71.59,75.96,170.07,177.4,174.64,166.44,126.19,158.32,178.31,172.81,126.19,170.99,173.73,171.9,
24,143.26,133.76,123.07,140.56,144.98,149.92,134.7,141.56,133.45,176.71,175.9,123.6,174.7,175.5,175.5,137.26,132.83,119.03,121.51,120.5,120.75,125.78,127.19,125.78,-1,126.06,104.93,105.31,105.19,106.4,167.57,174.7,116.5,119.76,124.13,124.13,105.43,270.04,212.47,226.54,285.79,120.01,113.78,110.86,124.68,163.7,171.91,176.31,129.21,105.24,108.32,119.03,116.5,107.45,104.54,121.76,141.23,149.21,113.0,106.12,104.5,104.51,106.79,116.72,108.72,105.57,108.58,186.94,193.62,191.1,183.63,148.14,176.31,194.46,189.43,148.14,187.77,190.27,188.6,
25,120.72,109.28,95.89,117.5,122.76,128.56,110.43,118.7,108.9,158.99,158.09,96.57,156.75,157.64,157.64,113.54,108.14,90.66,93.88,92.58,92.9,99.35,101.13,99.35,126.06,-1,71.14,71.69,71.51,73.28,148.77,156.75,87.31,91.61,97.26,97.26,71.88,258.79,197.98,213.01,275.18,91.93,83.64,79.62,97.95,144.38,153.63,158.54,103.66,71.6,76.04,90.66,87.31,74.8,70.56,94.22,118.3,127.72,82.58,72.89,70.5,70.52,73.85,87.6,76.62,72.08,76.42,170.28,177.59,174.84,166.65,126.47,158.54,178.51,173.02,126.47,171.19,173.93,172.1,
26,98.46,84.04,65.69,94.48,100.95,107.92,85.53,95.97,83.54,142.82,141.82,66.68,140.32,141.32,141.32,89.51,82.55,57.79,62.72,60.75,61.24,70.64,73.12,70.64,104.93,71.14,-1,16.1,15.31,22.14,131.34,140.32,52.37,59.27,67.67,67.67,16.92,249.18,185.24,201.22,266.17,59.76,45.99,38.2,68.66,126.36,136.83,142.32,76.59,15.7,30.04,57.79,52.37,26.74,9.96,63.22,95.47,106.92,44.04,20.8,9.5,9.62,23.96,52.86,31.47,17.76,30.99,155.29,163.28,160.28,151.3,105.43,142.32,164.27,158.29,105.43,156.29,159.28,157.29,
27,98.86,84.51,66.29,94.89,101.34,108.28,85.99,96.38,84.01,143.09,142.1,67.27,140.6,141.6,141.6,89.94,83.02,58.46,63.35,61.39,61.88,71.2,73.66,71.2,105.31,71.69,16.1,-1,17.69,23.85,131.64,140.6,53.12,59.93,68.25,68.25,19.1,249.34,185.46,201.42,266.32,60.42,46.84,39.22,69.23,126.67,137.12,142.59,77.1,18.03,31.32,58.46,53.12,28.18,13.34,63.84,95.89,107.29,44.92,22.61,13.0,13.09,25.55,53.6,32.7,19.85,32.24,155.54,163.52,160.53,151.56,105.8,142.59,164.51,158.53,105.8,156.54,159.53,157.54,
28,98.73,84.36,66.1,94.76,101.21,108.17,85.84,96.25,83.86,143.0,142.01,67.08,140.51,141.51,141.51,89.81,82.87,58.25,63.15,61.19,61.68,71.02,73.49,71.02,105.19,71.51,15.31,17.69,-1,23.32,131.55,140.51,52.88,59.72,68.07,68.07,18.44,249.29,185.39,201.36,266.27,60.21,46.57,38.9,69.05,126.57,137.03,142.51,76.94,17.33,30.92,58.25,52.88,27.73,12.37,63.64,95.75,107.17,44.64,22.05,12.0,12.09,25.06,53.37,32.31,19.21,31.85,155.46,163.44,160.45,151.48,105.68,142.51,164.44,158.46,105.68,156.46,159.45,157.46,
29,100.02,85.86,68.01,96.1,102.47,109.34,87.32,97.57,85.38,143.9,142.91,68.96,141.42,142.41,142.41,91.22,84.4,60.41,65.15,63.25,63.72,72.8,75.21,72.8,106.4,73.28,22.14,23.85,23.32,-1,132.52,141.42,55.25,61.82,69.92,69.92,24.41,249.8,186.08,201.99,266.75,62.3,49.24,42.06,70.88,127.58,137.96,143.4,78.59,23.58,34.82,60.41,55.25,32.02,20.22,65.62,97.08,108.36,47.42,27.24,20.0,20.06,29.73,55.71,36.06,25.0,35.64,156.28,164.22,161.25,152.32,106.89,143.4,165.22,159.26,106.89,157.28,160.25,158.27,
30,163.6,155.35,146.24,161.24,165.11,169.46,156.16,162.11,155.08,193.56,192.83,146.69,191.73,192.46,192.46,158.37,154.55,142.86,144.93,144.09,144.3,148.53,149.72,148.53,167.57,148.77,131.34,131.64,131.55,132.52,-1,191.73,140.76,143.47,147.14,147.14,131.75,281.36,226.68,239.92,296.51,143.67,138.51,136.12,147.6,181.76,189.19,193.2,151.45,131.6,134.06,142.86,140.76,133.36,131.03,145.15,161.82,168.83,137.88,132.3,131.0,131.01,132.83,140.94,134.39,131.86,134.28,202.94,209.12,206.79,199.9,167.89,193.2,209.9,205.24,167.89,203.71,206.01,204.47,
31,170.89,163.01,154.35,168.63,172.34,176.51,163.78,169.47,162.75,199.77,199.05,154.78,197.99,198.7,198.7,165.89,162.25,151.16,153.11,152.32,152.51,156.52,157.66,156.52,174.7,156.75,140.32,140.6,140.51,141.42,191.73,-1,149.17,151.73,155.21,155.21,140.7,285.66,232.0,244.95,300.59,151.92,147.05,144.81,155.64,188.35,195.53,199.41,159.3,140.56,142.87,151.16,149.17,142.21,140.03,153.32,169.19,175.9,146.45,141.22,140.0,140.01,141.72,149.35,143.18,140.8,143.07,208.87,214.87,212.6,205.92,175.0,199.41,215.63,211.1,175.0,209.61,211.85,210.35,
32,110.71,98.1,82.93,107.18,112.93,119.2,99.38,108.5,97.68,151.52,150.58,83.72,149.17,150.11,150.11,102.83,96.83,76.82,80.6,79.07,79.45,86.9,88.93,86.9,116.5,87.31,52.37,53.12,52.88,55.25,140.76,149.17,-1,77.94,84.51,84.51,53.37,254.27,192.03,207.49,270.94,78.32,68.39,63.41,85.3,136.12,145.89,151.05,91.81,53.0,58.86,76.82,72.83,57.25,51.59,80.98,108.06,118.3,67.09,54.72,51.5,51.52,56.0,73.19,59.6,53.64,59.35,163.33,170.94,168.08,159.54,116.95,151.05,171.9,166.18,116.95,164.28,167.13,165.23,
33,114.13,101.95,87.45,110.72,116.29,122.39,103.19,111.99,101.54,154.04,153.12,88.19,151.73,152.65,152.65,106.5,100.73,81.68,85.24,83.8,84.16,91.23,93.16,91.23,119.76,91.61,59.27,59.93,59.72,61.82,143.47,151.73,77.94,-1,88.95,88.95,60.15,255.78,194.03,209.34,272.36,83.09,73.81,69.22,89.7,138.92,148.51,153.58,95.91,59.82,65.07,81.68,77.94,63.62,58.58,85.61,111.57,121.51,72.6,61.36,58.5,58.52,62.5,78.27,65.74,60.39,65.52,165.67,173.18,170.36,161.94,120.2,153.58,174.12,168.48,120.2,166.61,169.42,167.54,
34,118.71,107.06,93.35,115.43,120.79,126.67,108.23,116.66,106.67,157.47,156.56,94.05,155.21,156.11,156.11,111.4,105.89,87.97,91.29,89.94,90.27,96.9,98.72,96.9,124.13,97.26,67.67,68.25,68.07,69.92,147.14,155.21,84.51,88.95,-1,94.75,68.45,257.86,196.76,211.87,274.31,89.27,80.71,76.54,95.46,142.71,152.06,157.01,101.32,68.16,72.81,87.97,84.51,71.51,67.07,91.63,116.25,125.82,79.61,69.51,67.0,67.02,70.52,84.81,73.41,68.66,73.21,168.86,176.23,173.46,165.2,124.56,157.01,177.16,171.62,124.56,169.78,172.54,170.7,
35,118.71,107.06,93.35,115.43,120.79,126.67,108.23,116.66,106.67,157.47,156.56,94.05,155.21,156.11,156.11,111.4,105.89,87.97,91.29,89.94,90.27,96.9,98.72,96.9,124.13,97.26,67.67,68.25,68.07,69.92,147.14,155.21,84.51,88.95,94.75,-1,68.45,257.86,196.76,211.87,274.31,89.27,80.71,76.54,95.46,142.71,152.06,157.01,101.32,68.16,72.81,87.97,84.51,71.51,67.07,91.63,116.25,125.82,79.61,69.51,67.0,67.02,70.52,84.81,73.41,68.66,73.21,168.86,176.23,173.46,165.2,124.56,157.01,177.16,171.62,124.56,169.78,172.54,170.7,
36,98.99,84.67,66.49,95.04,101.47,108.41,86.15,96.52,84.17,143.19,142.19,67.47,140.7,141.69,141.69,90.09,83.19,58.69,63.56,61.61,62.1,71.39,73.84,71.39,105.43,71.88,16.92,19.1,18.44,24.41,131.75,140.7,53.37,60.15,68.45,68.45,-1,249.39,185.53,201.49,266.37,60.64,47.13,39.56,69.43,126.78,137.22,142.69,77.28,18.77,31.75,58.69,53.37,28.65,14.32,64.05,96.03,107.42,45.22,23.2,14.0,14.08,26.08,53.85,33.11,20.52,32.65,155.63,163.6,160.61,151.65,105.93,142.69,164.6,158.62,105.93,156.63,159.62,157.62,
37,267.59,262.63,257.34,266.15,268.52,271.21,263.11,266.69,262.47,286.89,286.4,257.6,285.66,286.15,286.15,264.43,262.15,255.44,256.6,256.13,256.24,258.65,259.34,258.65,270.04,258.79,249.18,249.34,249.29,249.8,281.36,285.66,254.27,255.78,257.86,257.86,249.39,-1,310.2,320.0,364.36,255.89,253.03,251.73,258.12,279.06,283.96,286.64,260.34,249.31,250.63,255.44,254.27,250.25,249.02,256.72,266.51,270.82,252.69,249.69,249.0,249.0,249.97,254.37,250.8,249.45,250.74,293.3,297.61,295.97,291.21,270.23,286.64,298.16,294.9,270.23,293.83,295.44,294.36,
38,209.35,202.97,196.09,207.51,210.54,213.97,203.59,208.2,202.77,233.52,232.91,196.42,232.0,232.61,232.61,205.29,202.36,193.58,195.11,194.49,194.64,197.8,198.7,197.8,212.47,197.98,185.24,185.46,185.39,186.08,226.68,232.0,192.03,194.03,196.76,196.76,185.53,310.2,-1,273.18,324.01,194.18,190.39,188.66,197.1,223.83,229.91,233.21,200.0,185.42,187.18,193.58,192.03,186.68,185.02,195.27,207.97,213.46,189.93,185.92,185.0,185.01,186.3,192.17,187.42,185.61,187.34,241.35,246.56,244.59,238.8,212.72,233.21,247.23,243.29,212.72,241.99,243.94,242.64,
39,223.62,217.65,211.25,221.89,224.72,227.94,218.23,222.53,217.46,246.39,245.81,211.56,244.95,245.52,245.52,219.82,217.08,208.93,210.34,209.76,209.91,212.84,213.68,212.84,226.54,213.01,201.22,201.42,201.36,201.99,239.92,244.95,207.49,209.34,211.87,211.87,201.49,320.0,273.18,-1,333.4,209.48,205.98,204.38,212.19,237.23,242.97,246.1,214.89,201.39,203.01,208.93,207.49,202.55,201.02,210.49,222.32,227.47,205.55,201.85,201.0,201.01,202.2,207.62,203.23,201.56,203.15,253.82,258.79,256.91,251.4,226.77,246.1,259.42,255.67,226.77,254.43,256.28,255.05,
40,283.48,278.8,273.83,282.12,284.35,286.9,279.25,282.62,278.65,301.77,301.29,274.07,300.59,301.06,301.06,280.49,278.35,272.04,273.13,272.68,272.79,275.06,275.7,275.06,285.79,275.18,266.17,266.32,266.27,266.75,296.51,300.59,270.94,272.36,274.31,274.31,266.37,364.36,324.01,333.4,-1,272.46,269.78,268.56,274.55,294.33,298.98,301.53,276.64,266.29,267.52,272.04,270.94,267.17,266.02,273.24,282.46,286.53,269.45,266.64,266.0,266.0,266.91,271.04,267.69,266.42,267.63,307.87,311.97,310.41,305.87,285.97,301.53,312.49,309.39,285.97,308.37,309.9,308.88,
41,114.39,102.24,87.78,110.98,116.54,122.63,103.47,112.26,101.83,154.23,153.31,88.53,151.92,152.85,152.85,106.78,101.02,82.04,85.59,84.15,84.51,91.55,93.47,91.55,120.01,91.93,59.76,60.42,60.21,62.3,143.67,151.92,78.32,83.09,89.27,89.27,60.64,255.89,194.18,209.48,272.46,-1,74.2,69.64,90.03,139.13,148.71,153.77,96.21,60.31,65.52,82.04,78.32,64.08,59.08,85.95,111.83,121.75,73.01,61.83,59.0,59.02,62.97,78.64,66.19,60.88,65.96,165.85,173.35,170.53,162.12,120.44,153.77,174.29,168.66,120.44,166.78,169.59,167.72,
42,107.84,94.85,79.06,104.22,110.11,116.54,96.18,105.57,94.41,149.44,148.48,79.88,147.05,148.01,148.01,99.73,93.54,72.62,76.61,75.0,75.4,83.22,85.33,83.22,113.78,83.64,45.99,46.84,46.57,49.24,138.51,147.05,68.39,73.81,80.71,80.71,47.13,253.03,190.39,205.98,269.78,74.2,-1,58.26,81.54,133.79,143.73,148.96,88.32,46.7,53.27,72.62,68.39,51.48,45.1,77.01,105.12,115.62,62.24,48.65,45.0,45.02,50.09,68.77,54.08,47.43,53.81,161.4,169.1,166.21,157.56,114.24,148.96,170.06,164.28,114.24,162.36,165.25,163.32,
43,104.75,91.33,74.79,101.02,107.09,113.69,92.7,102.42,90.87,147.23,146.26,75.66,144.81,145.77,145.77,96.38,89.96,67.96,72.2,70.49,70.92,79.18,81.4,79.18,110.86,79.62,38.2,39.22,38.9,42.06,136.12,144.81,63.41,69.22,76.54,76.54,39.56,251.73,188.66,204.38,268.56,69.64,58.26,-1,77.41,131.32,141.43,146.74,84.53,39.05,46.7,67.96,63.41,44.65,37.12,72.63,101.95,112.74,56.73,41.37,37.0,37.03,43.05,63.82,47.63,39.92,47.32,159.35,167.15,164.22,155.47,111.33,146.74,168.12,162.27,111.33,160.33,163.25,161.3,
44,119.28,107.69,94.07,116.02,121.34,127.2,108.85,117.24,107.3,157.89,156.99,94.76,155.64,156.54,156.54,112.0,106.53,88.73,92.02,90.69,91.02,97.59,99.4,97.59,124.68,97.95,68.66,69.23,69.05,70.88,147.6,155.64,85.3,89.7,95.46,95.46,69.43,258.12,197.1,212.19,274.55,90.03,81.54,77.41,-1,143.18,152.5,157.44,101.98,69.14,73.73,88.73,85.3,72.45,68.07,92.36,116.83,126.36,80.45,70.47,68.0,68.02,71.47,85.6,74.32,69.63,74.12,169.26,176.62,173.85,165.6,125.1,157.44,177.54,172.01,125.1,170.18,172.93,171.09,
45,159.62,151.16,141.78,157.2,161.17,165.63,151.99,158.1,150.88,190.22,189.47,142.24,188.35,189.1,189.1,154.26,150.33,138.29,140.43,139.56,139.77,144.14,145.37,144.14,163.7,144.38,126.36,126.67,126.57,127.58,181.76,188.35,136.12,138.92,142.71,142.71,126.78,279.06,223.83,237.23,294.33,139.13,133.79,131.32,143.18,-1,185.76,189.84,147.15,126.62,129.18,138.29,136.12,128.46,126.04,140.65,157.8,164.98,133.14,127.35,126.0,126.01,127.91,136.31,129.52,126.89,129.41,199.75,206.02,203.66,196.66,164.02,189.84,206.81,202.09,164.02,200.53,202.87,201.31,
46,168.04,160.01,151.19,165.74,169.51,173.75,160.8,166.59,159.75,197.33,196.61,151.62,195.53,196.25,196.25,162.95,159.24,147.92,149.92,149.1,149.31,153.4,154.56,153.4,171.91,153.63,136.83,137.12,137.03,137.96,189.19,195.53,145.89,148.51,152.06,152.06,137.22,283.96,229.91,242.97,298.98,148.71,143.73,141.43,152.5,185.76,-1,196.97,156.23,137.07,139.44,147.92,145.89,138.77,136.53,150.13,166.3,173.13,143.11,137.75,136.5,136.51,138.26,146.07,139.76,137.32,139.65,206.54,212.61,210.31,203.55,172.21,196.97,213.37,208.8,172.21,207.29,209.55,208.04,
47,172.53,164.73,156.17,170.29,173.97,178.1,165.5,171.13,164.48,201.17,200.47,156.59,199.41,200.11,200.11,167.59,163.98,153.01,154.95,154.16,154.35,158.32,159.44,158.32,176.31,158.54,142.32,142.59,142.51,143.4,193.2,199.41,151.05,153.58,157.01,157.01,142.69,286.64,233.21,246.1,301.53,153.77,148.96,146.74,157.44,189.84,196.97,-1,161.06,142.55,144.83,153.01,151.05,144.18,142.03,155.15,170.85,177.5,148.37,143.2,142.0,142.01,143.69,151.22,145.13,142.79,145.03,210.21,216.18,213.93,207.28,176.6,200.82,216.93,212.43,176.6,210.95,213.18,211.69,
48,124.02,112.91,100.0,120.88,126.0,131.65,114.02,122.05,112.54,161.5,160.62,100.66,159.3,160.18,160.18,117.03,111.8,95.0,98.08,96.83,97.14,103.32,105.03,103.32,129.21,103.66,76.59,77.1,76.94,78.59,151.45,159.3,91.81,95.91,101.32,101.32,77.28,260.34,200.0,214.89,276.64,96.21,88.32,84.53,101.98,147.15,156.23,161.06,-1,77.02,81.17,95.0,91.81,80.01,76.06,98.4,121.66,130.84,87.32,78.22,76.0,76.01,79.12,92.09,81.71,77.47,81.52,172.63,179.85,177.13,169.05,129.62,161.06,180.75,175.33,129.62,173.53,176.23,174.43,
49,98.79,84.43,66.19,94.83,101.27,108.22,85.91,96.31,83.94,143.05,142.05,67.17,140.56,141.55,141.55,89.87,82.95,58.35,63.25,61.29,61.78,71.11,73.57,71.11,105.24,71.6,15.7,18.03,17.33,23.58,131.6,140.56,53.0,59.82,68.16,68.16,18.77,249.31,185.42,201.39,266.29,60.31,46.7,39.05,69.14,126.62,137.07,142.55,77.02,-1,31.12,58.35,53.0,27.95,12.85,63.74,95.82,107.23,44.78,22.33,12.5,12.59,25.3,53.48,32.5,19.53,32.04,155.5,163.48,160.49,151.52,105.74,142.55,164.48,158.49,105.74,156.5,159.49,157.5,
50,102.06,88.23,70.97,98.23,104.46,111.21,89.65,99.66,87.76,145.32,144.34,71.89,142.87,143.85,143.85,93.45,86.81,63.73,68.24,66.42,66.88,75.58,77.9,75.58,108.32,76.04,30.04,31.32,30.92,34.82,134.06,142.87,58.86,65.07,72.81,72.81,31.75,250.63,187.18,203.01,267.52,65.52,53.27,46.7,73.73,129.18,139.44,144.83,81.17,31.12,-1,63.73,58.86,37.91,28.66,68.69,99.18,110.25,51.59,33.98,28.5,28.54,36.0,59.3,41.38,32.21,41.02,157.6,165.47,162.52,153.67,108.8,144.83,166.46,160.55,108.8,158.58,161.53,159.57,
51,113.37,101.1,86.45,109.93,115.54,121.68,102.34,111.22,100.69,153.48,152.55,87.21,151.16,152.09,152.09,105.69,99.86,80.61,84.22,82.76,83.12,90.27,92.22,90.27,119.03,90.66,57.79,58.46,58.25,60.41,142.86,151.16,76.82,81.68,87.97,87.97,58.69,255.44,193.58,208.93,272.04,82.04,72.62,67.96,88.73,138.29,147.92,153.01,95.0,58.35,63.73,-1,76.82,62.24,57.08,84.59,110.79,120.79,71.4,59.93,57.0,57.02,61.1,77.16,64.41,58.94,64.18,165.15,172.68,169.85,161.4,119.47,153.01,173.62,167.97,119.47,166.09,168.91,167.03,
52,110.71,98.1,82.93,107.18,112.93,119.2,99.38,108.5,97.68,151.52,150.58,83.72,149.17,150.11,150.11,102.83,96.83,76.82,80.6,79.07,79.45,86.9,88.93,86.9,116.5,87.31,52.37,53.12,52.88,55.25,140.76,149.17,72.83,77.94,84.51,84.51,53.37,254.27,192.03,207.49,270.94,78.32,68.39,63.41,85.3,136.12,145.89,151.05,91.81,53.0,58.86,76.82,-1,57.25,51.59,80.98,108.06,118.3,67.09,54.72,51.5,51.52,56.0,73.19,59.6,53.64,59.35,163.33,170.94,168.08,159.54,116.95,151.05,171.9,166.18,116.95,164.28,167.13,165.23,
53,101.14,87.16,69.64,97.27,103.56,110.37,88.6,98.72,86.68,144.68,143.69,70.58,142.21,143.2,143.2,92.44,85.73,62.24,66.85,65.0,65.46,74.33,76.69,74.33,107.45,74.8,26.74,28.18,27.73,32.02,133.36,142.21,57.25,63.62,71.51,71.51,28.65,250.25,186.68,202.55,267.17,64.08,51.48,44.65,72.45,128.46,138.77,144.18,80.01,27.95,37.91,62.24,57.25,-1,25.18,67.31,98.23,109.39,49.74,31.1,25.0,25.04,33.3,57.7,39.05,29.15,38.67,157.0,164.91,161.94,153.06,107.94,144.18,165.89,159.97,107.94,157.99,160.95,158.98,
54,98.05,83.55,65.07,94.05,100.54,107.54,85.05,95.55,83.05,142.53,141.53,66.07,140.03,141.03,141.03,89.05,82.05,57.08,62.07,60.07,60.57,70.06,72.56,70.06,104.54,70.56,9.96,13.34,12.37,20.22,131.03,140.03,51.59,58.58,67.07,67.07,14.32,249.02,185.02,201.02,266.02,59.08,45.1,37.12,68.07,126.04,136.53,142.03,76.06,12.85,28.66,57.08,51.59,25.18,-1,62.57,95.05,106.54,43.1,18.74,3.0,3.35,22.2,52.09,30.15,15.3,29.65,155.03,163.03,160.03,151.03,105.04,142.03,164.03,158.03,105.04,156.03,159.03,157.03,
55,116.23,104.3,90.17,112.88,118.35,124.35,105.5,114.13,103.9,155.6,154.69,90.9,153.32,154.23,154.23,108.75,103.1,84.59,88.04,86.64,86.99,93.84,95.72,93.84,121.76,94.22,63.22,63.84,63.64,65.62,145.15,153.32,80.98,85.61,91.63,91.63,64.05,256.72,195.27,210.49,273.24,85.95,77.01,72.63,92.36,140.65,150.13,155.15,98.4,63.74,68.69,84.59,80.98,67.31,62.57,-1,113.72,123.48,75.86,65.18,62.5,62.52,66.26,81.3,69.33,64.27,69.11,167.13,174.57,171.77,163.42,122.19,155.15,175.51,169.91,122.19,168.05,170.84,168.98,
56,136.49,126.48,115.11,133.65,138.29,143.46,127.48,134.7,126.15,171.26,170.43,115.68,169.19,170.02,170.02,130.18,125.5,110.79,113.44,112.36,112.63,118.0,119.5,118.0,141.23,118.3,95.47,95.89,95.75,97.08,161.82,169.19,108.06,111.57,116.25,116.25,96.03,266.51,207.97,222.32,282.46,111.83,105.12,101.95,116.83,157.8,166.3,170.85,121.66,95.82,99.18,110.79,108.06,98.23,95.05,113.72,-1,142.71,104.28,96.78,95.0,95.01,97.51,108.3,99.62,96.18,99.47,181.8,188.66,186.08,178.4,141.6,170.85,189.53,184.36,141.6,182.65,185.22,183.5,
57,144.73,135.33,124.77,142.05,146.43,151.32,136.26,143.05,135.02,177.9,177.1,125.29,175.9,176.7,176.7,138.79,134.41,120.79,123.23,122.24,122.48,127.45,128.84,127.45,149.21,127.72,106.92,107.29,107.17,108.36,168.83,175.9,118.3,121.51,125.82,125.82,107.42,270.82,213.46,227.47,286.53,121.75,115.62,112.74,126.36,164.98,173.13,177.5,130.84,107.23,110.25,120.79,118.3,109.39,106.54,123.48,142.71,-1,114.85,108.09,106.5,106.51,108.75,118.52,110.64,107.55,110.51,188.06,194.71,192.2,184.78,149.56,177.5,195.55,190.54,149.56,188.89,191.37,189.71,
58,107.02,93.92,77.94,103.37,109.31,115.78,95.26,104.73,93.48,148.85,147.89,78.77,146.45,147.41,147.41,98.84,92.59,71.4,75.45,73.82,74.22,82.15,84.29,82.15,113.0,82.58,44.04,44.92,44.64,47.42,137.88,146.45,67.09,72.6,79.61,79.61,45.22,252.69,189.93,205.55,269.45,73.01,62.24,56.73,80.45,133.14,143.11,148.37,87.32,44.78,51.59,71.4,67.09,49.74,43.1,75.86,104.28,114.85,-1,46.81,43.0,43.03,48.3,67.48,52.43,45.54,52.15,160.85,168.58,165.68,157.0,113.46,148.37,169.54,163.75,113.46,161.82,164.71,162.78,
59,99.73,85.52,67.58,95.8,102.19,109.08,86.99,97.28,85.04,143.7,142.7,68.54,141.22,142.21,142.21,90.9,84.06,59.93,64.7,62.79,63.27,72.4,74.82,72.4,106.12,72.89,20.8,22.61,22.05,27.24,132.3,141.22,54.72,61.36,69.51,69.51,23.2,249.69,185.92,201.85,266.64,61.83,48.65,41.37,70.47,127.35,137.75,143.2,78.22,22.33,33.98,59.93,54.72,31.1,18.74,65.18,96.78,108.09,46.81,-1,18.5,18.56,28.74,55.19,35.25,23.82,34.82,156.1,164.05,161.07,152.13,106.62,143.2,165.04,159.08,106.62,157.09,160.07,158.09,
60,98.0,83.5,65.0,94.0,100.5,107.5,85.0,95.5,83.0,142.5,141.5,66.0,140.0,141.0,141.0,89.0,82.0,57.0,62.0,60.0,60.5,70.0,72.5,70.0,104.5,70.5,9.5,13.0,12.0,20.0,131.0,140.0,51.5,58.5,67.0,67.0,14.0,249.0,185.0,201.0,266.0,59.0,45.0,37.0,68.0,126.0,136.5,142.0,76.0,12.5,28.5,57.0,51.5,25.0,3.0,62.5,95.0,106.5,43.0,18.5,-1,1.5,22.0,52.0,30.0,15.0,29.5,155.0,163.0,160.0,151.0,105.0,142.0,164.0,158.0,105.0,156.0,159.0,157.0,
61,98.01,83.51,65.02,94.01,100.51,107.51,85.01,95.51,83.01,142.51,141.51,66.02,140.01,141.01,141.01,89.01,82.01,57.02,62.02,60.02,60.52,70.02,72.52,70.02,104.51,70.52,9.62,13.09,12.09,20.06,131.01,140.01,51.52,58.52,67.02,67.02,14.08,249.0,185.01,201.01,266.0,59.02,45.02,37.03,68.02,126.01,136.51,142.01,76.01,12.59,28.54,57.02,51.52,25.04,3.35,62.52,95.01,106.51,43.03,18.56,1.5,-1,22.05,52.02,30.04,15.07,29.54,155.01,163.01,160.01,151.01,105.01,142.01,164.01,158.01,105.01,156.01,159.01,157.01,
62,100.44,86.35,68.62,96.54,102.88,109.73,87.8,98.0,85.87,144.19,143.2,69.57,141.72,142.71,142.71,91.68,84.9,61.1,65.79,63.91,64.38,73.38,75.76,73.38,106.79,73.85,23.96,25.55,25.06,29.73,132.83,141.72,56.0,62.5,70.52,70.52,26.08,249.97,186.3,202.2,266.91,62.97,50.09,43.05,71.47,127.91,138.26,143.69,79.12,25.3,36.0,61.1,56.0,33.3,22.2,66.26,97.51,108.75,48.3,28.74,22.0,22.05,-1,56.46,37.2,26.63,36.8,156.55,164.48,161.51,152.59,107.28,143.69,165.47,159.52,107.28,157.54,160.51,158.53,
63,110.94,98.37,83.24,107.42,113.16,119.42,99.64,108.74,97.94,151.69,150.75,84.02,149.35,150.28,150.28,103.08,97.1,77.16,80.92,79.4,79.78,87.2,89.22,87.2,116.72,87.6,52.86,53.6,53.37,55.71,140.94,149.35,73.19,78.27,84.81,84.81,53.85,254.37,192.17,207.62,271.04,78.64,68.77,63.82,85.6,136.31,146.07,151.22,92.09,53.48,59.3,77.16,73.19,57.7,52.09,81.3,108.3,118.52,67.48,55.19,52.0,52.02,56.46,-1,60.03,54.12,59.79,163.49,171.09,168.24,159.7,117.17,151.22,172.05,166.34,117.17,164.44,167.29,165.39,
64,102.49,88.73,71.59,98.67,104.88,111.61,90.14,100.1,88.26,145.62,144.65,72.5,143.18,144.16,144.16,93.92,87.32,64.41,68.88,67.08,67.53,76.16,78.46,76.16,108.72,76.62,31.47,32.7,32.31,36.06,134.39,143.18,59.6,65.74,73.41,73.41,33.11,250.8,187.42,203.23,267.69,66.19,54.08,47.63,74.32,129.52,139.76,145.13,81.71,32.5,41.38,64.41,59.6,39.05,30.15,69.33,99.62,110.64,52.43,35.25,30.0,30.04,37.2,60.03,-1,33.54,42.07,157.88,165.74,162.79,153.95,109.2,145.13,166.72,160.82,109.2,158.86,161.81,159.84,
65,99.14,84.84,66.71,95.19,101.61,108.54,86.31,96.67,84.34,143.29,142.29,67.68,140.8,141.8,141.8,90.26,83.36,58.94,63.79,61.85,62.33,71.59,74.04,71.59,105.57,72.08,17.76,19.85,19.21,25.0,131.86,140.8,53.64,60.39,68.66,68.66,20.52,249.45,185.61,201.56,266.42,60.88,47.43,39.92,69.63,126.89,137.32,142.79,77.47,19.53,32.21,58.94,53.64,29.15,15.3,64.27,96.18,107.55,45.54,23.82,15.0,15.07,26.63,54.12,33.54,-1,33.09,155.72,163.69,160.7,151.74,106.07,142.79,164.68,158.71,106.07,156.72,159.71,157.71,
66,102.34,88.56,71.38,98.52,104.74,111.47,89.97,99.95,88.09,145.52,144.54,72.29,143.07,144.05,144.05,93.76,87.14,64.18,68.66,66.86,67.31,75.96,78.27,75.96,108.58,76.42,30.99,32.24,31.85,35.64,134.28,143.07,59.35,65.52,73.21,73.21,32.65,250.74,187.34,203.15,267.63,65.96,53.81,47.32,74.12,129.41,139.65,145.03,81.52,32.04,41.02,64.18,59.35,38.67,29.65,69.11,99.47,110.51,52.15,34.82,29.5,29.54,36.8,59.79,42.07,33.09,-1,157.78,165.65,162.7,153.85,109.07,145.03,166.63,160.73,109.07,158.76,161.71,159.75,
67,183.38,176.06,168.08,181.28,184.73,188.63,176.78,182.06,175.82,210.55,209.87,168.47,208.87,209.54,209.54,178.73,175.35,165.15,166.94,166.21,166.39,170.07,171.12,170.07,186.94,170.28,155.29,155.54,155.46,156.28,202.94,208.87,163.33,165.67,168.86,168.86,155.63,293.3,241.35,253.82,307.87,165.85,161.4,159.35,169.26,199.75,206.54,210.21,172.63,155.5,157.6,165.15,163.33,157.0,155.03,167.13,181.8,188.06,160.85,156.1,155.0,155.01,156.55,163.49,157.88,155.72,157.78,-1,224.93,222.77,216.39,187.22,210.21,225.66,221.33,187.22,219.91,222.05,220.62,
68,190.19,183.14,175.48,188.16,191.49,195.26,183.83,188.92,182.92,216.51,215.85,175.86,214.87,215.52,215.52,185.71,182.46,172.68,174.39,173.69,173.87,177.4,178.4,177.4,193.62,177.59,163.28,163.52,163.44,164.22,209.12,214.87,170.94,173.18,176.23,176.23,163.6,297.61,246.56,258.79,311.97,173.35,169.1,167.15,176.62,206.02,212.61,216.18,179.85,163.48,165.47,172.68,170.94,164.91,163.03,174.57,188.66,194.71,168.58,164.05,163.0,163.01,164.48,171.09,165.74,163.69,165.65,224.93,-1,228.41,222.19,193.89,216.18,231.22,227.01,193.89,225.62,227.71,226.31,
69,187.63,180.48,172.7,185.57,188.95,192.76,181.18,186.33,180.25,214.26,213.59,173.08,212.6,213.26,213.26,183.09,179.79,169.85,171.59,170.88,171.06,174.64,175.66,174.64,191.1,174.84,160.28,160.53,160.45,161.25,206.79,212.6,168.08,170.36,173.46,173.46,160.61,295.97,244.59,256.91,310.41,170.53,166.21,164.22,173.85,203.66,210.31,213.93,177.13,160.49,162.52,169.85,168.08,161.94,160.03,171.77,186.08,192.2,165.68,161.07,160.0,160.01,161.51,168.24,162.79,160.7,162.7,222.77,228.41,-1,220.0,191.38,213.93,229.12,224.86,191.38,223.46,225.57,224.16,
70,180.01,172.55,164.4,177.87,181.39,185.36,173.28,178.67,172.31,207.62,206.94,164.79,205.92,206.6,206.6,175.28,171.83,161.4,163.23,162.48,162.67,166.44,167.5,166.44,183.63,166.65,151.3,151.56,151.48,152.32,199.9,205.92,159.54,161.94,165.2,165.2,151.65,291.21,238.8,251.4,305.87,162.12,157.56,155.47,165.6,196.66,203.55,207.28,169.05,151.52,153.67,161.4,159.54,153.06,151.03,163.42,178.4,184.78,157.0,152.13,151.0,151.01,152.59,159.7,153.95,151.74,153.85,216.39,222.19,220.0,-1,183.92,207.28,222.93,218.55,183.92,217.11,219.28,217.83,
71,143.63,134.15,123.49,140.93,145.35,150.27,135.09,141.93,133.84,177.01,176.2,124.02,175.0,175.8,175.8,137.64,133.23,119.47,121.94,120.93,121.18,126.19,127.6,126.19,148.14,126.47,105.43,105.8,105.68,106.89,167.89,175.0,116.95,120.2,124.56,124.56,105.93,270.23,212.72,226.77,285.97,120.44,114.24,111.33,125.1,164.02,172.21,176.6,129.62,105.74,108.8,119.47,116.95,107.94,105.04,122.19,141.6,149.56,113.46,106.62,105.0,105.01,107.28,117.17,109.2,106.07,109.07,187.22,193.89,191.38,183.92,-1,176.6,194.73,189.71,148.49,188.05,190.54,188.88,
72,172.53,164.73,156.17,170.29,173.97,178.1,165.5,171.13,164.48,201.17,200.47,156.59,199.41,200.11,200.11,167.59,163.98,153.01,154.95,154.16,154.35,158.32,159.44,158.32,176.31,158.54,142.32,142.59,142.51,143.4,193.2,199.41,151.05,153.58,157.01,157.01,142.69,286.64,233.21,246.1,301.53,153.77,148.96,146.74,157.44,189.84,196.97,200.82,161.06,142.55,144.83,153.01,151.05,144.18,142.03,155.15,170.85,177.5,148.37,143.2,142.0,142.01,143.69,151.22,145.13,142.79,145.03,210.21,216.18,213.93,207.28,176.6,-1,216.93,212.43,176.6,210.95,213.18,211.69,
73,191.05,184.03,176.41,189.03,192.34,196.09,184.72,189.78,183.81,217.26,216.61,176.78,215.63,216.28,216.28,186.59,183.36,173.62,175.33,174.63,174.8,178.31,179.31,178.31,194.46,178.51,164.27,164.51,164.44,165.22,209.9,215.63,171.9,174.12,177.16,177.16,164.6,298.16,247.23,259.42,312.49,174.29,170.06,168.12,177.54,206.81,213.37,216.93,180.75,164.48,166.46,173.62,171.9,165.89,164.03,175.51,189.53,195.55,169.54,165.04,164.0,164.01,165.47,172.05,166.72,164.68,166.63,225.66,231.22,229.12,222.93,194.73,216.93,-1,227.73,194.73,226.34,228.42,227.04,
74,185.92,178.71,170.85,183.85,187.25,191.1,179.41,184.62,178.47,212.77,212.1,171.23,211.1,211.77,211.77,181.34,178.01,167.97,169.73,169.01,169.19,172.81,173.84,172.81,189.43,173.02,158.29,158.53,158.46,159.26,205.24,211.1,166.18,168.48,171.62,171.62,158.62,294.9,243.29,255.67,309.39,168.66,164.28,162.27,172.01,202.09,208.8,212.43,175.33,158.49,160.55,167.97,166.18,159.97,158.03,169.91,184.36,190.54,163.75,159.08,158.0,158.01,159.52,166.34,160.82,158.71,160.73,221.33,227.01,224.86,218.55,189.71,212.43,227.73,-1,189.71,222.04,224.15,222.74,
75,143.63,134.15,123.49,140.93,145.35,150.27,135.09,141.93,133.84,177.01,176.2,124.02,175.0,175.8,175.8,137.64,133.23,119.47,121.94,120.93,121.18,126.19,127.6,126.19,148.14,126.47,105.43,105.8,105.68,106.89,167.89,175.0,116.95,120.2,124.56,124.56,105.93,270.23,212.72,226.77,285.97,120.44,114.24,111.33,125.1,164.02,172.21,176.6,129.62,105.74,108.8,119.47,116.95,107.94,105.04,122.19,141.6,149.56,113.46,106.62,105.0,105.01,107.28,117.17,109.2,106.07,109.07,187.22,193.89,191.38,183.92,148.49,176.6,194.73,189.71,-1,188.05,190.54,188.88,
